Classification Report:
              precision    recall  f1-score   support

           0       0.99      1.00      0.99      1296
           1       1.00      1.00      1.00      1296
           2       1.00      1.00      1.00      1296
           3       1.00      1.00      1.00      1296
           4       1.00      0.99      1.00      1296
           5       0.99      1.00      0.99      1296
           6       1.00      1.00      1.00      1296
           7       1.00      0.99      0.99      1296

    accuracy                           1.00     10368
   macro avg       1.00      1.00      1.00     10368
weighted avg       1.00      1.00      1.00     10368

