Classification Report:
              precision    recall  f1-score   support

           0       0.00      0.00      0.00      1296
           1       0.00      0.00      0.00      1296
           2       1.00      0.54      0.70      1296
           3       0.00      0.00      0.00      1296
           4       0.00      0.00      0.00      1296
           5       0.00      0.00      0.00      1296
           6       0.05      0.08      0.06      1296
           7       0.21      1.00      0.35      1296

    accuracy                           0.20     10368
   macro avg       0.16      0.20      0.14     10368
weighted avg       0.16      0.20      0.14     10368

